1001111110011100010001100111100100101101101110111010111100011110010000110010000010101000100001010100011010100101011010011010010001010111101000110
0110010011101001010011100101010010111110101001010000001010100110111000010011010010011110101110101111110111001011000000100010100100001100000111010
1101000110111100010011011111010101111111011000001100001111101110011111000100111101111010011101000000000101001011010010001010100110101001100010100
0101101001010001000110010000001011111011000010111001111100110111101000000110001001111011111111000001101010101111000100001011101011110101100011111
0011011011010111111010010100000011001111101010010100101001111000010110010001100100101101111110110001110010010100110011111010110101010001010110010
1011111100110110000110011110101010110100011111010000100011101101011100011100001111010011010100000110010001110011000000100000010001101100100011001
0101000000000100000010000010101101001011101000010011111111010111011110111000101000101101110000010110011101111100110010001100110100111101100111110
1110111100101001001011000110010110010011111101011010100001000111111101100110011111001110100000111000011011100101000010000010101000011101101010011
1011110001110011011000011100111101000100010110110000010110000111000011111000010000001011001110000001011001110010101001111101000111101011101000100
1011011110001111010110001010001100110001110100010111111110101110011101000110010111011010110010101010100001100010100110100111100001110111000100101
0000001011111110101111001101010101101000100000000000000010101111011011001001011011010111100001111001101111110100001001010011011111000011110001110
1010111000100110111011101100000101000111000011101111101000110000100000110100011111000001011011101001110100101011011101100111001011011011101011100
1010110011011010000101011101111101110010011110001010000110000011001010100000100011111010001111011000100001110100000011110011110001111001101001011
0111010101000000011010010010110000110000001111100101110111101001101111010000100010000010010101101010101000101101010011000100101010111100110110010
0111010111011011111110100001100001000100111101111001111110101101111011001111110111011011110111110101011000100001011011000101011001000100001111110
